Byte 0 : Hissatsu type (1 = atk action, 2 = def action, 3 = Shoot action, 4 = catch action, 5 = atk hissatsu, 6 = def hissatsu, 7 = Shoot Hissatsu, 8 = Catch Hissatsu)
Byte 1 : foul rate ? 
Byte 2 : Filler (always 0)
Byte 3 : Filler
Byte 4 : TP Cost
Byte 5 : Filler 
Byte 6 : IDK
Byte 7 : IDK
Byte 8 : Element (1 = Wind, 2 = Wood, 3 = Fire, 4 = Earth)
Byte 9 : IDK (only used in some regular actions)
Byte 10: number of players needed for the hissatsu -1
Byte 11: IDK
Byte 12: IDK but when 11 == 0 => 12 == 0, 16 bit value ?
Byte 13: Filler
Byte 14: For catch hissatsu, if the goalkeeper doesnt keep the ball after the hissatsu (the value represents the force put in the ball)
Byte 15: Filler
Byte 16: A 16 bit counter, low byte
Byte 17: high byte 
Byte 18: 17_16 +1
Byte 19: high byte
Byte 20: IDK
Byte 21: IDK
Byte 22: isHissatsu
Byte 23: Filler


         　　　　　　　　　　　　　　　　　　　　　　　　　 :  0    1    2    3    4    5    6    7    8    9   10   11   12   13   14   15   16   17   18   19   20   21   22   23
Hissatsu システム予約　　　　　　　　　　　　　　　　　　　 :  0    0    0    0    0    0    0    0    0    0    0    0    0    0    0    0    0    0    1    0    0    0    0    0   
Hissatsu フェイント　　　　　　　　　　　　　　　　　　　　 :  1    0    0    0    0    0    0    0    0    0    0    0    0    0    0    0    2    0    3    0    0    0    0    0   
Hissatsu とっぱ　　　　　　　　　　　　　　　　　　　　　　 :  1    10   0    0    0    0    15   0    0    30   0    0    0    0    0    0    4    0    5    0    0    0    0    0   
Hissatsu かわす　　　　　　　　　　　　　　　　　　　　　　 :  1    0    0    0    0    0    0    0    0    0    0    0    0    0    0    0    6    0    7    0    0    0    0    0   
Hissatsu 　　　　　　　　　　　　　　　　　　　　　　　　　 :  0    0    0    0    0    0    0    0    0    0    0    0    0    0    0    0    8    0    9    0    0    0    0    0   
Hissatsu 　　　　　　　　　　　　　　　　　　　　　　　　　 :  0    0    0    0    0    0    0    0    0    0    0    0    0    0    0    0    10   0    11   0    0    0    0    0   
Hissatsu 　　　　　　　　　　　　　　　　　　　　　　　　　 :  0    0    0    0    0    0    0    0    0    0    0    0    0    0    0    0    12   0    13   0    0    0    0    0   
Hissatsu 　　　　　　　　　　　　　　　　　　　　　　　　　 :  0    0    0    0    0    0    0    0    0    0    0    0    0    0    0    0    14   0    15   0    0    0    0    0   
Hissatsu 　　　　　　　　　　　　　　　　　　　　　　　　　 :  0    0    0    0    0    0    0    0    0    0    0    0    0    0    0    0    16   0    17   0    0    0    0    0   
Hissatsu 　　　　　　　　　　　　　　　　　　　　　　　　　 :  0    0    0    0    0    0    0    0    0    0    0    0    0    0    0    0    18   0    19   0    0    0    0    0   
Hissatsu タックル　　　　　　　　　　　　　　　　　　　　　 :  2    10   0    0    0    0    0    0    0    30   0    0    0    0    0    0    20   0    21   0    0    0    0    0   
Hissatsu スライディング　　　　　　　　　　　　　　　　　　 :  2    20   0    0    0    0    20   0    0    30   0    0    0    0    0    0    22   0    23   0    0    0    0    0   
Hissatsu ブロック　　　　　　　　　　　　　　　　　　　　　 :  2    10   0    0    0    0    0    0    0    0    0    0    0    0    0    0    24   0    25   0    0    0    0    0   
Hissatsu 　　　　　　　　　　　　　　　　　　　　　　　　　 :  0    0    0    0    0    0    0    0    0    0    0    0    0    0    0    0    26   0    27   0    0    0    0    0   
Hissatsu 　　　　　　　　　　　　　　　　　　　　　　　　　 :  0    0    0    0    0    0    0    0    0    0    0    0    0    0    0    0    28   0    29   0    0    0    0    0   
Hissatsu 　　　　　　　　　　　　　　　　　　　　　　　　　 :  0    0    0    0    0    0    0    0    0    0    0    0    0    0    0    0    30   0    31   0    0    0    0    0   
Hissatsu 　　　　　　　　　　　　　　　　　　　　　　　　　 :  0    0    0    0    0    0    0    0    0    0    0    0    0    0    0    0    32   0    33   0    0    0    0    0   
Hissatsu 　　　　　　　　　　　　　　　　　　　　　　　　　 :  0    0    0    0    0    0    0    0    0    0    0    0    0    0    0    0    34   0    35   0    0    0    0    0   
Hissatsu 　　　　　　　　　　　　　　　　　　　　　　　　　 :  0    0    0    0    0    0    0    0    0    0    0    0    0    0    0    0    36   0    37   0    0    0    0    0   
Hissatsu 　　　　　　　　　　　　　　　　　　　　　　　　　 :  0    0    0    0    0    0    0    0    0    0    0    0    0    0    0    0    38   0    39   0    0    0    0    0   
Hissatsu シュート　　　　　　　　　　　　　　　　　　　　　 :  3    0    0    0    0    0    0    0    0    0    0    0    0    0    0    0    40   0    41   0    32   78   0    0   
Hissatsu ループシュート　　　　　　　　　　　　　　　　　　 :  3    0    0    0    0    0    20   0    0    0    0    0    0    0    0    0    42   0    43   0    42   78   0    0   
Hissatsu ボレーシュート　　　　　　　　　　　　　　　　　　 :  3    0    0    0    0    0    0    0    0    0    0    0    0    0    0    0    44   0    45   0    52   78   0    0   
Hissatsu ヘディング　　　　　　　　　　　　　　　　　　　　 :  3    0    0    0    0    0    20   0    0    0    0    0    0    0    0    0    46   0    47   0    62   78   0    0   
Hissatsu 　　　　　　　　　　　　　　　　　　　　　　　　　 :  0    0    0    0    0    0    0    0    0    0    0    0    0    0    0    0    48   0    49   0    0    0    0    0   
Hissatsu 　　　　　　　　　　　　　　　　　　　　　　　　　 :  0    0    0    0    0    0    0    0    0    0    0    0    0    0    0    0    50   0    51   0    0    0    0    0   
Hissatsu 　　　　　　　　　　　　　　　　　　　　　　　　　 :  0    0    0    0    0    0    0    0    0    0    0    0    0    0    0    0    52   0    53   0    0    0    0    0   
Hissatsu 　　　　　　　　　　　　　　　　　　　　　　　　　 :  0    0    0    0    0    0    0    0    0    0    0    0    0    0    0    0    54   0    55   0    0    0    0    0   
Hissatsu 　　　　　　　　　　　　　　　　　　　　　　　　　 :  0    0    0    0    0    0    0    0    0    0    0    0    0    0    0    0    56   0    57   0    0    0    0    0   
Hissatsu 　　　　　　　　　　　　　　　　　　　　　　　　　 :  0    0    0    0    0    0    0    0    0    0    0    0    0    0    0    0    58   0    59   0    0    0    0    0   
Hissatsu キャッチ　　　　　　　　　　　　　　　　　　　　　 :  4    0    0    0    0    0    0    0    0    20   0    0    0    0    0    0    60   0    61   0    8    82   0    0   
Hissatsu パンチング　　　　　　　　　　　　　　　　　　　　 :  4    0    0    0    0    0    20   0    0    50   0    0    0    0    1    0    62   0    63   0    18   82   0    0   
Hissatsu 　　　　　　　　　　　　　　　　　　　　　　　　　 :  0    0    0    0    0    0    0    0    0    0    0    0    0    0    0    0    64   0    65   0    0    0    0    0   
Hissatsu 　　　　　　　　　　　　　　　　　　　　　　　　　 :  0    0    0    0    0    0    0    0    0    0    0    0    0    0    0    0    66   0    67   0    0    0    0    0   
Hissatsu 　　　　　　　　　　　　　　　　　　　　　　　　　 :  0    0    0    0    0    0    0    0    0    0    0    0    0    0    0    0    68   0    69   0    0    0    0    0   
Hissatsu 　　　　　　　　　　　　　　　　　　　　　　　　　 :  0    0    0    0    0    0    0    0    0    0    0    0    0    0    0    0    70   0    71   0    0    0    0    0   
Hissatsu 　　　　　　　　　　　　　　　　　　　　　　　　　 :  0    0    0    0    0    0    0    0    0    0    0    0    0    0    0    0    72   0    73   0    0    0    0    0   
Hissatsu 　　　　　　　　　　　　　　　　　　　　　　　　　 :  0    0    0    0    0    0    0    0    0    0    0    0    0    0    0    0    74   0    75   0    0    0    0    0   
Hissatsu 　　　　　　　　　　　　　　　　　　　　　　　　　 :  0    0    0    0    0    0    0    0    0    0    0    0    0    0    0    0    76   0    77   0    0    0    0    0   
Hissatsu 　　　　　　　　　　　　　　　　　　　　　　　　　 :  0    0    0    0    0    0    0    0    0    0    0    0    0    0    0    0    78   0    79   0    0    0    0    0   
Hissatsu 　　　　　　　　　　　　　　　　　　　　　　　　　 :  0    0    0    0    0    0    0    0    0    0    0    0    0    0    0    0    80   0    81   0    0    0    0    0   
Hissatsu 　　　　　　　　　　　　　　　　　　　　　　　　　 :  0    0    0    0    0    0    0    0    0    0    0    0    0    0    0    0    82   0    83   0    0    0    0    0   
Hissatsu 　　　　　　　　　　　　　　　　　　　　　　　　　 :  0    0    0    0    0    0    0    0    0    0    0    0    0    0    0    0    84   0    85   0    0    0    0    0   
Hissatsu 　　　　　　　　　　　　　　　　　　　　　　　　　 :  0    0    0    0    0    0    0    0    0    0    0    0    0    0    0    0    86   0    87   0    0    0    0    0   
Hissatsu 　　　　　　　　　　　　　　　　　　　　　　　　　 :  0    0    0    0    0    0    0    0    0    0    0    0    0    0    0    0    88   0    89   0    0    0    0    0   
Hissatsu 　　　　　　　　　　　　　　　　　　　　　　　　　 :  0    0    0    0    0    0    0    0    0    0    0    0    0    0    0    0    90   0    91   0    0    0    0    0   
Hissatsu 　　　　　　　　　　　　　　　　　　　　　　　　　 :  0    0    0    0    0    0    0    0    0    0    0    0    0    0    0    0    92   0    93   0    0    0    0    0   
Hissatsu 　　　　　　　　　　　　　　　　　　　　　　　　　 :  0    0    0    0    0    0    0    0    0    0    0    0    0    0    0    0    94   0    95   0    0    0    0    0   
Hissatsu 　　　　　　　　　　　　　　　　　　　　　　　　　 :  0    0    0    0    0    0    0    0    0    0    0    0    0    0    0    0    96   0    97   0    0    0    0    0   
Hissatsu 　　　　　　　　　　　　　　　　　　　　　　　　　 :  0    0    0    0    0    0    0    0    0    0    0    0    0    0    0    0    98   0    99   0    0    0    0    0   
Hissatsu 　　　　　　　　　　　　　　　　　　　　　　　　　 :  0    0    0    0    0    0    0    0    0    0    0    0    0    0    0    0    100  0    101  0    0    0    0    0   
Hissatsu 　　　　　　　　　　　　　　　　　　　　　　　　　 :  0    0    0    0    0    0    0    0    0    0    0    0    0    0    0    0    102  0    103  0    0    0    0    0   
Hissatsu 　　　　　　　　　　　　　　　　　　　　　　　　　 :  0    0    0    0    0    0    0    0    0    0    0    0    0    0    0    0    104  0    105  0    0    0    0    0   
Hissatsu 　　　　　　　　　　　　　　　　　　　　　　　　　 :  0    0    0    0    0    0    0    0    0    0    0    0    0    0    0    0    106  0    107  0    0    0    0    0   
Hissatsu 　　　　　　　　　　　　　　　　　　　　　　　　　 :  0    0    0    0    0    0    0    0    0    0    0    0    0    0    0    0    108  0    109  0    0    0    0    0   
Hissatsu 　　　　　　　　　　　　　　　　　　　　　　　　　 :  0    0    0    0    0    0    0    0    0    0    0    0    0    0    0    0    110  0    111  0    0    0    0    0   
Hissatsu 　　　　　　　　　　　　　　　　　　　　　　　　　 :  0    0    0    0    0    0    0    0    0    0    0    0    0    0    0    0    112  0    113  0    0    0    0    0   
Hissatsu 　　　　　　　　　　　　　　　　　　　　　　　　　 :  0    0    0    0    0    0    0    0    0    0    0    0    0    0    0    0    114  0    115  0    0    0    0    0   
Hissatsu 　　　　　　　　　　　　　　　　　　　　　　　　　 :  0    0    0    0    0    0    0    0    0    0    0    0    0    0    0    0    116  0    117  0    0    0    0    0   
Hissatsu 　　　　　　　　　　　　　　　　　　　　　　　　　 :  0    0    0    0    0    0    0    0    0    0    0    0    0    0    0    0    118  0    119  0    0    0    0    0   
Hissatsu 　　　　　　　　　　　　　　　　　　　　　　　　　 :  0    0    0    0    0    0    0    0    0    0    0    0    0    0    0    0    120  0    121  0    0    0    0    0   
Hissatsu 　　　　　　　　　　　　　　　　　　　　　　　　　 :  0    0    0    0    0    0    0    0    0    0    0    0    0    0    0    0    122  0    123  0    0    0    0    0   
Hissatsu 　　　　　　　　　　　　　　　　　　　　　　　　　 :  0    0    0    0    0    0    0    0    0    0    0    0    0    0    0    0    124  0    125  0    0    0    0    0   
Hissatsu 　　　　　　　　　　　　　　　　　　　　　　　　　 :  0    0    0    0    0    0    0    0    0    0    0    0    0    0    0    0    126  0    127  0    0    0    0    0   
Hissatsu 　　　　　　　　　　　　　　　　　　　　　　　　　 :  0    0    0    0    0    0    0    0    0    0    0    0    0    0    0    0    128  0    129  0    0    0    0    0   
Hissatsu 　　　　　　　　　　　　　　　　　　　　　　　　　 :  0    0    0    0    0    0    0    0    0    0    0    0    0    0    0    0    130  0    131  0    0    0    0    0   
Hissatsu 　　　　　　　　　　　　　　　　　　　　　　　　　 :  0    0    0    0    0    0    0    0    0    0    0    0    0    0    0    0    132  0    133  0    0    0    0    0   
Hissatsu 　　　　　　　　　　　　　　　　　　　　　　　　　 :  0    0    0    0    0    0    0    0    0    0    0    0    0    0    0    0    134  0    135  0    0    0    0    0   
Hissatsu 　　　　　　　　　　　　　　　　　　　　　　　　　 :  0    0    0    0    0    0    0    0    0    0    0    0    0    0    0    0    136  0    137  0    0    0    0    0   
Hissatsu 　　　　　　　　　　　　　　　　　　　　　　　　　 :  0    0    0    0    0    0    0    0    0    0    0    0    0    0    0    0    138  0    139  0    0    0    0    0   
Hissatsu 　　　　　　　　　　　　　　　　　　　　　　　　　 :  0    0    0    0    0    0    0    0    0    0    0    0    0    0    0    0    140  0    141  0    0    0    0    0   
Hissatsu 　　　　　　　　　　　　　　　　　　　　　　　　　 :  0    0    0    0    0    0    0    0    0    0    0    0    0    0    0    0    142  0    143  0    0    0    0    0   
Hissatsu 　　　　　　　　　　　　　　　　　　　　　　　　　 :  0    0    0    0    0    0    0    0    0    0    0    0    0    0    0    0    144  0    145  0    0    0    0    0   
Hissatsu 　　　　　　　　　　　　　　　　　　　　　　　　　 :  0    0    0    0    0    0    0    0    0    0    0    0    0    0    0    0    146  0    147  0    0    0    0    0   
Hissatsu 　　　　　　　　　　　　　　　　　　　　　　　　　 :  0    0    0    0    0    0    0    0    0    0    0    0    0    0    0    0    148  0    149  0    0    0    0    0   
Hissatsu 　　　　　　　　　　　　　　　　　　　　　　　　　 :  0    0    0    0    0    0    0    0    0    0    0    0    0    0    0    0    150  0    151  0    0    0    0    0   
Hissatsu 　　　　　　　　　　　　　　　　　　　　　　　　　 :  0    0    0    0    0    0    0    0    0    0    0    0    0    0    0    0    152  0    153  0    0    0    0    0   
Hissatsu 　　　　　　　　　　　　　　　　　　　　　　　　　 :  0    0    0    0    0    0    0    0    0    0    0    0    0    0    0    0    154  0    155  0    0    0    0    0   
Hissatsu 　　　　　　　　　　　　　　　　　　　　　　　　　 :  0    0    0    0    0    0    0    0    0    0    0    0    0    0    0    0    156  0    157  0    0    0    0    0   
Hissatsu 　　　　　　　　　　　　　　　　　　　　　　　　　 :  0    0    0    0    0    0    0    0    0    0    0    0    0    0    0    0    158  0    159  0    0    0    0    0   
Hissatsu 　　　　　　　　　　　　　　　　　　　　　　　　　 :  0    0    0    0    0    0    0    0    0    0    0    0    0    0    0    0    160  0    161  0    0    0    0    0   
Hissatsu 　　　　　　　　　　　　　　　　　　　　　　　　　 :  0    0    0    0    0    0    0    0    0    0    0    0    0    0    0    0    162  0    163  0    0    0    0    0   
Hissatsu 　　　　　　　　　　　　　　　　　　　　　　　　　 :  0    0    0    0    0    0    0    0    0    0    0    0    0    0    0    0    164  0    165  0    0    0    0    0   
Hissatsu 　　　　　　　　　　　　　　　　　　　　　　　　　 :  0    0    0    0    0    0    0    0    0    0    0    0    0    0    0    0    166  0    167  0    0    0    0    0   
Hissatsu 　　　　　　　　　　　　　　　　　　　　　　　　　 :  0    0    0    0    0    0    0    0    0    0    0    0    0    0    0    0    168  0    169  0    0    0    0    0   
Hissatsu 　　　　　　　　　　　　　　　　　　　　　　　　　 :  0    0    0    0    0    0    0    0    0    0    0    0    0    0    0    0    170  0    171  0    0    0    0    0   
Hissatsu 　　　　　　　　　　　　　　　　　　　　　　　　　 :  0    0    0    0    0    0    0    0    0    0    0    0    0    0    0    0    172  0    173  0    0    0    0    0   
Hissatsu 　　　　　　　　　　　　　　　　　　　　　　　　　 :  0    0    0    0    0    0    0    0    0    0    0    0    0    0    0    0    174  0    175  0    0    0    0    0   
Hissatsu 　　　　　　　　　　　　　　　　　　　　　　　　　 :  0    0    0    0    0    0    0    0    0    0    0    0    0    0    0    0    176  0    177  0    0    0    0    0   
Hissatsu 　　　　　　　　　　　　　　　　　　　　　　　　　 :  0    0    0    0    0    0    0    0    0    0    0    0    0    0    0    0    178  0    179  0    0    0    0    0   
Hissatsu 　　　　　　　　　　　　　　　　　　　　　　　　　 :  0    0    0    0    0    0    0    0    0    0    0    0    0    0    0    0    180  0    181  0    0    0    0    0   
Hissatsu 　　　　　　　　　　　　　　　　　　　　　　　　　 :  0    0    0    0    0    0    0    0    0    0    0    0    0    0    0    0    182  0    183  0    0    0    0    0   
Hissatsu 　　　　　　　　　　　　　　　　　　　　　　　　　 :  0    0    0    0    0    0    0    0    0    0    0    0    0    0    0    0    184  0    185  0    0    0    0    0   
Hissatsu 　　　　　　　　　　　　　　　　　　　　　　　　　 :  0    0    0    0    0    0    0    0    0    0    0    0    0    0    0    0    186  0    187  0    0    0    0    0   
Hissatsu 　　　　　　　　　　　　　　　　　　　　　　　　　 :  0    0    0    0    0    0    0    0    0    0    0    0    0    0    0    0    188  0    189  0    0    0    0    0   
Hissatsu 　　　　　　　　　　　　　　　　　　　　　　　　　 :  0    0    0    0    0    0    0    0    0    0    0    0    0    0    0    0    190  0    191  0    0    0    0    0   
Hissatsu 　　　　　　　　　　　　　　　　　　　　　　　　　 :  0    0    0    0    0    0    0    0    0    0    0    0    0    0    0    0    192  0    193  0    0    0    0    0   
Hissatsu 　　　　　　　　　　　　　　　　　　　　　　　　　 :  0    0    0    0    0    0    0    0    0    0    0    0    0    0    0    0    194  0    195  0    0    0    0    0   
Hissatsu 　　　　　　　　　　　　　　　　　　　　　　　　　 :  0    0    0    0    0    0    0    0    0    0    0    0    0    0    0    0    196  0    197  0    0    0    0    0   
Hissatsu 　　　　　　　　　　　　　　　　　　　　　　　　　 :  0    0    0    0    0    0    0    0    0    0    0    0    0    0    0    0    198  0    199  0    0    0    0    0   
Hissatsu 　　　　　　　　　　　　　　　　　　　　　　　　　 :  5    0    0    0    0    0    0    0    0    0    0    0    0    0    0    0    200  0    201  0    0    0    0    0   
Hissatsu ぶんしんフェイント　　　　　　　　　　　　　　　　 :  5    0    0    0    37   0    236  0    2    0    0    0    0    0    0    0    202  0    203  0    136  138  1    0   
Hissatsu しっぷうダッシュ　　　　　　　　　　　　　　　　　 :  5    0    0    0    18   0    183  5    1    0    0    0    0    0    0    0    207  0    208  0    146  138  1    0   
Hissatsu たつまきせんぷう　　　　　　　　　　　　　　　　　 :  5    5    0    0    22   0    191  0    1    0    0    0    0    0    0    0    211  0    212  0    156  138  1    0   
Hissatsu イリュージョンＢＬ　　　　　　　　　　　　　　　　 :  5    0    0    0    32   0    221  0    2    0    0    0    0    0    0    0    216  0    217  0    166  138  1    0   
Hissatsu ダッシュアクセル　　　　　　　　　　　　　　　　　 :  5    10   0    0    15   0    181  0    4    0    0    0    0    0    0    0    220  0    221  0    176  138  1    0   
Hissatsu じごくぐるま　　　　　　　　　　　　　　　　　　　 :  5    10   0    0    40   0    0    0    4    0    1    23   1    0    0    0    223  0    224  0    186  138  1    0   
Hissatsu ヒートタックル　　　　　　　　　　　　　　　　　　 :  5    10   0    0    35   0    226  0    3    0    0    0    0    0    0    0    228  0    229  0    196  138  1    0   
Hissatsu ジグザグスパーク　　　　　　　　　　　　　　　　　 :  5    10   0    0    28   0    213  0    1    0    0    0    0    0    0    0    232  0    233  0    206  138  1    0   
Hissatsu たまのりピエロ　　　　　　　　　　　　　　　　　　 :  5    0    0    0    15   0    181  0    1    0    0    0    0    0    0    0    236  0    237  0    216  138  1    0   
Hissatsu のろい　　　　　　　　　　　　　　　　　　　　　　 :  5    0    0    0    20   0    186  0    2    0    0    0    0    0    0    0    240  0    241  0    226  138  1    0   
Hissatsu スーパーアルマジロ　　　　　　　　　　　　　　　　 :  5    15   0    0    26   0    211  3    4    0    0    0    0    0    0    0    244  0    245  0    236  138  1    0   
Hissatsu どくぎりのじゅつ　　　　　　　　　　　　　　　　　 :  5    15   0    0    35   0    231  0    1    0    0    0    0    0    0    0    248  0    249  0    246  138  1    0   
Hissatsu スーパースキャン　　　　　　　　　　　　　　　　　 :  5    2    0    0    28   0    216  0    2    0    0    0    0    0    0    0    252  0    253  0    0    139  1    0   
Hissatsu ごりむちゅう　　　　　　　　　　　　　　　　　　　 :  5    5    0    0    25   0    196  0    4    0    0    0    0    0    0    0    0    1    1    1    10   139  1    0   
Hissatsu ブーストグライダー　　　　　　　　　　　　　　　　 :  5    10   0    0    50   0    15   0    3    0    2    23   1    0    0    0    4    1    5    1    20   139  1    0   
Hissatsu ざんぞう　　　　　　　　　　　　　　　　　　　　　 :  5    0    0    0    30   0    218  0    2    0    0    0    0    0    0    0    9    1    10   1    30   139  1    0   
Hissatsu モグラフェイント　　　　　　　　　　　　　　　　　 :  5    0    0    0    40   0    241  6    4    0    0    0    0    0    0    0    13   1    14   1    40   139  1    0   
Hissatsu カマイタチ　　　　　　　　　　　　　　　　　　　　 :  5    10   0    0    40   0    246  0    1    0    0    0    0    0    0    0    18   1    19   1    50   139  1    0   
Hissatsu モンキーターン　　　　　　　　　　　　　　　　　　 :  5    0    0    0    26   0    209  0    4    0    0    0    0    0    0    0    22   1    23   1    60   139  1    0   
Hissatsu ザ・ウォール　　　　　　　　　　　　　　　　　　　 :  6    10   0    0    32   0    241  3    4    0    0    0    0    0    0    0    26   1    27   1    112  142  1    0   
Hissatsu 　　　　　　　　　　　　　　　　　　　　　　　　　 :  0    0    0    0    0    0    0    0    0    0    0    0    0    0    0    0    31   1    32   1    0    0    0    0   
Hissatsu キラースライド　　　　　　　　　　　　　　　　　　 :  6    20   0    0    15   0    203  0    2    0    0    0    0    0    0    0    33   1    34   1    122  142  1    0   
Hissatsu コイルターン　　　　　　　　　　　　　　　　　　　 :  6    0    0    0    18   0    206  0    1    0    0    0    0    0    0    0    37   1    38   1    132  142  1    0   
Hissatsu アースクェイク　　　　　　　　　　　　　　　　　　 :  6    2    0    0    32   0    246  3    4    0    0    0    0    0    0    0    41   1    42   1    142  142  1    0   
Hissatsu クイックドロウ　　　　　　　　　　　　　　　　　　 :  6    5    0    0    20   0    211  5    2    0    0    0    0    0    0    0    45   1    46   1    152  142  1    0   
Hissatsu くものいと　　　　　　　　　　　　　　　　　　　　 :  6    0    0    0    35   0    251  0    2    0    0    0    0    0    0    0    49   1    50   1    162  142  1    0   
Hissatsu サイクロン　　　　　　　　　　　　　　　　　　　　 :  6    5    0    0    35   0    5    0    1    0    0    0    0    0    0    0    53   1    54   1    172  142  1    0   
Hissatsu フェイクボール　　　　　　　　　　　　　　　　　　 :  6    5    0    0    25   0    219  0    2    0    0    0    0    0    0    0    57   1    58   1    182  142  1    0   
Hissatsu かげぬい　　　　　　　　　　　　　　　　　　　　　 :  6    10   0    0    38   0    10   0    2    0    0    0    0    0    0    0    61   1    62   1    192  142  1    0   
Hissatsu しこふみ　　　　　　　　　　　　　　　　　　　　　 :  6    0    0    0    15   0    201  3    4    0    0    0    0    0    0    0    65   1    66   1    202  142  1    0   
Hissatsu ホーントレイン　　　　　　　　　　　　　　　　　　 :  6    10   0    0    25   0    223  0    4    0    0    0    0    0    0    0    70   1    71   1    212  142  1    0   
Hissatsu ハリケーンアロー　　　　　　　　　　　　　　　　　 :  6    5    0    0    47   0    25   0    1    0    2    23   1    0    0    0    74   1    75   1    222  142  1    0   
Hissatsu スピニングカット　　　　　　　　　　　　　　　　　 :  6    10   0    0    25   0    221  0    1    0    0    0    0    0    0    0    79   1    80   1    232  142  1    0   
Hissatsu スーパースキャン　　　　　　　　　　　　　　　　　 :  6    2    0    0    30   0    236  0    2    0    0    0    0    0    0    0    84   1    85   1    242  142  1    0   
Hissatsu おんりょう　　　　　　　　　　　　　　　　　　　　 :  6    5    0    0    23   0    216  0    2    0    0    0    0    0    0    0    88   1    89   1    252  142  1    0   
Hissatsu ドッペルゲンガー　　　　　　　　　　　　　　　　　 :  6    0    0    0    20   0    211  0    2    0    0    0    0    0    0    0    92   1    93   1    6    143  1    0   
Hissatsu かごめかごめ　　　　　　　　　　　　　　　　　　　 :  6    5    0    0    45   0    20   0    4    0    2    23   1    0    0    0    96   1    97   1    16   143  1    0   
Hissatsu ハーヴェスト　　　　　　　　　　　　　　　　　　　 :  6    10   0    0    40   0    15   0    2    0    1    23   1    0    0    0    100  1    101  1    26   143  1    0   
Hissatsu さばきのてっつい　　　　　　　　　　　　　　　　　 :  6    10   0    0    42   0    20   0    3    0    0    0    0    0    0    0    104  1    105  1    36   143  1    0   
Hissatsu イナズマおとし　　　　　　　　　　　　　　　　　　 :  7    0    0    0    45   0    75   15   1    0    1    81   16   0    0    0    108  1    109  1    160  134  1    0   
Hissatsu ドラゴンクラッシュ　　　　　　　　　　　　　　　　 :  7    0    0    0    30   0    30   0    2    0    0    0    0    0    0    0    113  1    114  1    210  134  1    0   
Hissatsu ツインブースト　　　　　　　　　　　　　　　　　　 :  7    0    0    0    43   0    60   0    3    0    1    23   1    0    0    0    118  1    119  1    170  134  1    0   
Hissatsu ファイアトルネード　　　　　　　　　　　　　　　　 :  7    0    0    0    35   0    50   0    3    0    0    0    0    0    0    0    123  1    124  1    180  134  1    0   
Hissatsu ひゃくれつショット　　　　　　　　　　　　　　　　 :  7    0    0    0    30   0    35   0    2    0    0    0    0    0    0    0    127  1    128  1    190  134  1    0   
Hissatsu イナズマ１ごう　　　　　　　　　　　　　　　　　　 :  7    0    0    0    47   0    70   17   1    0    1    81   18   0    0    0    131  1    132  1    200  134  1    0   
Hissatsu グレネードショット　　　　　　　　　　　　　　　　 :  7    0    0    0    25   0    15   0    3    0    0    0    0    0    0    0    136  1    137  1    220  134  1    0   
Hissatsu デスゾーン　　　　　　　　　　　　　　　　　　　　 :  7    0    0    0    55   0    85   0    2    0    2    23   1    0    0    0    140  1    141  1    230  134  1    0   
Hissatsu ファントムシュート　　　　　　　　　　　　　　　　 :  7    0    0    0    27   0    20   0    2    0    0    0    0    0    0    0    145  1    146  1    240  134  1    0   
Hissatsu ホークショット　　　　　　　　　　　　　　　　　　 :  7    0    0    0    40   0    50   5    1    0    1    10   1    0    0    0    148  1    149  1    250  134  1    0   
Hissatsu メテオアタック　　　　　　　　　　　　　　　　　　 :  7    0    0    0    30   0    25   0    3    0    0    0    0    0    0    0    152  1    153  1    4    135  1    0   
Hissatsu スネークショット　　　　　　　　　　　　　　　　　 :  7    0    0    0    20   0    10   0    4    0    0    0    0    0    0    0    156  1    157  1    14   135  1    0   
Hissatsu スピニングシュート　　　　　　　　　　　　　　　　 :  7    0    0    0    15   0    0    0    1    0    0    0    0    0    0    0    160  1    161  1    24   135  1    0   
Hissatsu すいせいシュート　　　　　　　　　　　　　　　　　 :  7    0    0    0    25   0    15   0    1    0    0    0    0    0    0    0    164  1    165  1    34   135  1    0   
Hissatsu ローリングキック　　　　　　　　　　　　　　　　　 :  7    0    0    0    15   0    0    0    2    0    0    0    0    0    0    0    168  1    169  1    44   135  1    0   
Hissatsu ぶんしんシュート　　　　　　　　　　　　　　　　　 :  7    0    0    0    40   0    55   0    2    0    0    0    0    0    0    0    173  1    174  1    54   135  1    0   
Hissatsu ダイナマイトＳＨ　　　　　　　　　　　　　　　　　 :  7    0    0    0    30   0    25   0    3    0    0    0    0    0    0    0    177  1    178  1    64   135  1    0   
Hissatsu パトリオットＳＨ　　　　　　　　　　　　　　　　　 :  7    0    0    0    35   0    45   0    3    0    0    0    0    0    0    0    181  1    182  1    74   135  1    0   
Hissatsu スパイラルショット　　　　　　　　　　　　　　　　 :  7    0    0    0    15   0    0    0    1    0    0    0    0    0    0    0    185  1    186  1    84   135  1    0   
Hissatsu フリーズショット　　　　　　　　　　　　　　　　　 :  7    0    0    0    40   0    50   0    2    0    0    0    0    0    0    0    189  1    190  1    94   135  1    0   
Hissatsu 　　　　　　　　　　　　　　　　　　　　　　　　　 :  0    0    0    0    5    0    0    0    0    0    0    0    0    0    0    0    193  1    194  1    0    0    0    0   
Hissatsu トルネードキャッチ　　　　　　　　　　　　　　　　 :  8    0    0    0    30   0    231  0    1    0    0    0    0    0    0    0    195  1    196  1    178  146  1    0   
Hissatsu ゴッドハンド　　　　　　　　　　　　　　　　　　　 :  8    0    0    0    45   0    25   0    4    0    0    0    0    0    0    0    199  1    200  1    88   146  1    0   
Hissatsu パワーシールド　　　　　　　　　　　　　　　　　　 :  8    0    0    0    30   0    0    0    3    0    0    0    0    0    1    0    204  1    205  1    98   146  1    0   
Hissatsu ねっけつパンチ　　　　　　　　　　　　　　　　　　 :  8    0    0    0    20   0    221  0    3    0    0    0    0    0    1    0    208  1    209  1    108  146  1    0   
Hissatsu シュートポケット　　　　　　　　　　　　　　　　　 :  8    0    0    0    35   0    15   0    2    0    0    0    0    0    0    0    212  1    213  1    118  146  1    0   
Hissatsu ゆがむくうかん　　　　　　　　　　　　　　　　　　 :  8    0    0    0    30   0    10   0    2    0    0    0    0    0    0    0    217  1    218  1    128  146  1    0   
Hissatsu カウンターＳＴＲ　　　　　　　　　　　　　　　　　 :  8    0    0    0    50   0    50   0    3    0    0    0    0    0    2    0    221  1    222  1    138  146  1    0   
Hissatsu ゴールずらし　　　　　　　　　　　　　　　　　　　 :  8    10   0    0    40   0    246  0    4    0    0    0    0    0    0    0    225  1    226  1    148  146  1    0   
Hissatsu トリプルＤＦ　　　　　　　　　　　　　　　　　　　 :  8    0    0    0    70   0    80   0    4    0    2    81   28   0    0    0    229  1    230  1    158  146  1    0   
Hissatsu プレッシャーパンチ　　　　　　　　　　　　　　　　 :  8    0    0    0    25   0    226  0    3    0    0    0    0    0    0    0    233  1    234  1    168  146  1    0   
Hissatsu タフネスブロック　　　　　　　　　　　　　　　　　 :  8    0    0    0    35   0    241  0    4    0    0    0    0    0    0    0    237  1    238  1    188  146  1    0   
Hissatsu フルパワーシールド　　　　　　　　　　　　　　　　 :  8    0    0    0    50   0    45   0    3    0    0    0    0    0    1    0    241  1    242  1    198  146  1    0   
Hissatsu まきわりチョップ　　　　　　　　　　　　　　　　　 :  8    0    0    0    38   0    20   0    4    0    0    0    0    0    1    0    245  1    246  1    208  146  1    0   
Hissatsu つむじ　　　　　　　　　　　　　　　　　　　　　　 :  8    0    0    0    45   0    30   0    1    0    0    0    0    0    0    0    249  1    250  1    218  146  1    0   
Hissatsu ロケットこぶし　　　　　　　　　　　　　　　　　　 :  8    0    0    0    35   0    20   0    3    0    0    0    0    0    1    0    254  1    255  1    228  146  1    0   
Hissatsu ワイルドクロー　　　　　　　　　　　　　　　　　　 :  8    0    0    0    35   0    15   0    4    0    0    0    0    0    0    0    2    2    3    2    238  146  1    0   
Hissatsu ギガントウォール　　　　　　　　　　　　　　　　　 :  8    0    0    0    50   0    55   0    4    0    0    0    0    0    0    0    7    2    8    2    248  146  1    0   
Hissatsu こがらし　　　　　　　　　　　　　　　　　　　　　 :  8    0    0    0    45   0    35   0    1    0    0    0    0    0    0    0    11   2    12   2    2    147  1    0   
Hissatsu キラーブレード　　　　　　　　　　　　　　　　　　 :  8    0    0    0    30   0    236  0    2    0    0    0    0    0    0    0    15   2    16   2    12   147  1    0   
Hissatsu つなみウォール　　　　　　　　　　　　　　　　　　 :  8    0    0    0    55   0    70   0    1    0    0    0    0    0    2    0    19   2    20   2    22   147  1    0   
Hissatsu ばくれつパンチ　　　　　　　　　　　　　　　　　　 :  8    0    0    0    47   0    40   0    3    0    0    0    0    0    1    0    24   2    25   2    32   147  1    0   
Hissatsu マジン・ザ・ハンド　　　　　　　　　　　　　　　　 :  8    0    0    0    60   0    70   0    4    0    0    0    0    0    0    0    28   2    29   2    42   147  1    0   
Hissatsu むげんのかべ　　　　　　　　　　　　　　　　　　　 :  8    0    0    0    55   0    65   0    4    0    2    23   1    0    0    0    32   2    33   2    52   147  1    0   
Hissatsu 　　　　　　　　　　　　　　　　　　　　　　　　　 :  0    0    0    0    0    0    0    0    0    0    0    0    0    0    0    0    36   2    37   2    0    0    0    0   
Hissatsu 　　　　　　　　　　　　　　　　　　　　　　　　　 :  0    0    0    0    0    0    0    0    0    0    0    0    0    0    0    0    38   2    39   2    0    0    0    0   
Hissatsu 　　　　　　　　　　　　　　　　　　　　　　　　　 :  0    0    0    0    0    0    0    0    0    0    0    0    0    0    0    0    40   2    41   2    0    0    0    0   
Hissatsu 　　　　　　　　　　　　　　　　　　　　　　　　　 :  0    0    0    0    0    0    0    0    0    0    0    0    0    0    0    0    42   2    43   2    0    0    0    0   
Hissatsu 　　　　　　　　　　　　　　　　　　　　　　　　　 :  0    0    0    0    0    0    0    0    0    0    0    0    0    0    0    0    44   2    45   2    0    0    0    0   
Hissatsu 　　　　　　　　　　　　　　　　　　　　　　　　　 :  0    0    0    0    0    0    0    0    0    0    0    0    0    0    0    0    46   2    47   2    0    0    0    0   
Hissatsu クロスドライブ　　　　　　　　　　　　　　　　　　 :  7    0    0    0    32   0    40   0    1    0    0    0    0    0    0    0    48   2    49   2    104  135  1    0   
Hissatsu かみかくし　　　　　　　　　　　　　　　　　　　　 :  7    0    0    0    25   0    15   0    4    0    0    0    0    0    0    0    52   2    53   2    114  135  1    0   
Hissatsu サイコショット　　　　　　　　　　　　　　　　　　 :  7    0    0    0    30   0    30   0    2    0    0    0    0    0    0    0    56   2    57   2    124  135  1    0   
Hissatsu コンドルダイブ　　　　　　　　　　　　　　　　　　 :  7    0    0    0    27   0    20   0    1    0    0    0    0    0    0    0    59   2    60   2    134  135  1    0   
Hissatsu ラン・ボール・ラン　　　　　　　　　　　　　　　　 :  7    0    0    0    40   0    55   0    2    0    0    0    0    0    0    0    63   2    64   2    144  135  1    0   
Hissatsu トライアングルＺ　　　　　　　　　　　　　　　　　 :  7    0    0    0    65   0    90   0    3    0    2    81   26   0    0    0    67   2    68   2    154  135  1    0   
Hissatsu ドこんじょうバット　　　　　　　　　　　　　　　　 :  7    0    0    0    40   0    50   0    3    0    1    23   1    0    0    0    71   2    72   2    164  135  1    0   
Hissatsu リフレクトバスター　　　　　　　　　　　　　　　　 :  7    0    0    0    55   0    85   0    4    0    0    0    0    0    0    0    75   2    76   2    174  135  1    0   
Hissatsu クンフーヘッド　　　　　　　　　　　　　　　　　　 :  7    0    0    0    32   0    40   0    2    0    0    0    0    0    0    0    79   2    80   2    184  135  1    0   
Hissatsu シャインドライブ　　　　　　　　　　　　　　　　　 :  7    0    0    0    45   0    65   0    3    0    0    0    0    0    0    0    83   2    84   2    194  135  1    0   
Hissatsu ディバインアロー　　　　　　　　　　　　　　　　　 :  7    0    0    0    52   0    80   0    1    0    0    0    0    0    0    0    87   2    88   2    204  135  1    0   
Hissatsu バックトルネード　　　　　　　　　　　　　　　　　 :  7    0    0    0    43   0    60   0    1    0    0    0    0    0    0    0    91   2    92   2    214  135  1    0   
Hissatsu ターザンキック　　　　　　　　　　　　　　　　　　 :  7    0    0    0    30   0    35   0    4    0    0    0    0    0    0    0    96   2    97   2    224  135  1    0   
Hissatsu ゴッドノウズ　　　　　　　　　　　　　　　　　　　 :  7    0    0    0    15   0    100  0    1    0    0    0    0    0    0    0    100  2    101  2    234  135  1    0   
Hissatsu ドラゴントルネード　　　　　　　　　　　　　　　　 :  7    0    0    0    45   0    65   21   3    0    1    14   143  0    0    0    105  2    106  2    244  135  1    0   
Hissatsu つちだるま　　　　　　　　　　　　　　　　　　　　 :  7    0    0    0    40   0    55   0    4    0    0    0    0    0    0    0    109  2    110  2    254  135  1    0   
Hissatsu ほのおのかざみどり　　　　　　　　　　　　　　　　 :  7    0    0    0    55   0    80   0    3    0    1    15   3    0    0    0    113  2    114  2    8    136  1    0   
Hissatsu イナズマブレイク　　　　　　　　　　　　　　　　　 :  7    0    0    0    60   0    100  19   1    0    2    81   20   0    0    0    118  2    119  2    18   136  1    0   
Hissatsu ザ・ギャラクシー　　　　　　　　　　　　　　　　　 :  7    0    0    0    70   0    100  0    3    0    2    23   1    0    0    0    122  2    123  2    28   136  1    0   
Hissatsu 皇帝ペンギン２ごう　　　　　　　　　　　　　　　　 :  7    0    0    0    60   0    90   0    2    0    2    23   1    0    0    0    126  2    127  2    38   136  1    0   
Hissatsu ヘブンズタイム　　　　　　　　　　　　　　　　　　 :  5    0    0    0    45   0    25   0    1    0    0    0    0    0    0    0    130  2    131  2    70   139  1    0   
Hissatsu ジャッジスルー　　　　　　　　　　　　　　　　　　 :  5    30   0    0    20   0    216  0    3    0    0    0    0    0    0    0    134  2    135  2    80   139  1    0   
Hissatsu ダッシュストーム　　　　　　　　　　　　　　　　　 :  5    5    0    0    45   0    10   0    1    0    0    0    0    0    0    0    138  2    139  2    90   139  1    0   
Hissatsu ムーンサルト　　　　　　　　　　　　　　　　　　　 :  5    0    0    0    45   0    246  0    1    0    0    0    0    0    0    0    142  2    143  2    100  139  1    0   
Hissatsu マジック　　　　　　　　　　　　　　　　　　　　　 :  5    0    0    0    25   0    203  0    2    0    0    0    0    0    0    0    147  2    148  2    110  139  1    0   
Hissatsu ザ・フェニックス　　　　　　　　　　　　　　　　　 :  7    0    0    0    70   0    100  24   3    0    2    81   25   0    0    0    151  2    152  2    48   136  1    0   
Hissatsu コロドラシュート　　　　　　　　　　　　　　　　　 :  7    0    0    0    50   0    75   4    1    0    0    0    0    0    0    0    156  2    157  2    58   136  1    0   
Hissatsu ダークトルネード　　　　　　　　　　　　　　　　　 :  7    0    0    0    40   0    55   0    2    0    0    0    0    0    0    0    160  2    161  2    68   136  1    0   
Hissatsu イナズマおとし　　　　　　　　　　　　　　　　　　 :  7    0    0    0    99   0    99   50   1    0    0    0    0    0    0    0    165  2    166  2    160  134  1    0   
Hissatsu イナズマブレイク　　　　　　　　　　　　　　　　　 :  7    0    0    0    99   0    99   51   1    0    0    0    0    0    0    0    170  2    171  2    18   136  1    0   
Hissatsu 　　　　　　　　　　　　　　　　　　　　　　　　　 :  0    0    0    0    0    0    0    0    0    0    0    0    0    0    0    0    174  2    175  2    0    0    0    0   
Hissatsu 　　　　　　　　　　　　　　　　　　　　　　　　　 :  0    0    0    0    0    0    0    0    0    0    0    0    0    0    0    0    176  2    177  2    0    0    0    0   
Hissatsu 　　　　　　　　　　　　　　　　　　　　　　　　　 :  0    0    0    0    0    0    0    0    0    0    0    0    0    0    0    0    178  2    179  2    0    0    0    0   
Hissatsu 　　　　　　　　　　　　　　　　　　　　　　　　　 :  0    0    0    0    0    0    0    0    0    0    0    0    0    0    0    0    180  2    181  2    0    0    0    0   
Hissatsu 　　　　　　　　　　　　　　　　　　　　　　　　　 :  0    0    0    0    0    0    0    0    0    0    0    0    0    0    0    0    182  2    183  2    0    0    0    0   
Hissatsu 　　　　　　　　　　　　　　　　　　　　　　　　　 :  0    0    0    0    0    0    0    0    0    0    0    0    0    0    0    0    184  2    185  2    0    0    0    0   
Hissatsu 　　　　　　　　　　　　　　　　　　　　　　　　　 :  0    0    0    0    0    0    0    0    0    0    0    0    0    0    0    0    186  2    187  2    0    0    0    0   
Hissatsu 　　　　　　　　　　　　　　　　　　　　　　　　　 :  0    0    0    0    0    0    0    0    0    0    0    0    0    0    0    0    188  2    189  2    0    0    0    0   
Hissatsu 　　　　　　　　　　　　　　　　　　　　　　　　　 :  0    0    0    0    0    0    0    0    0    0    0    0    0    0    0    0    190  2    191  2    0    0    0    0   
Hissatsu 　　　　　　　　　　　　　　　　　　　　　　　　　 :  0    0    0    0    0    0    0    0    0    0    0    0    0    0    0    0    192  2    193  2    0    0    0    0   
Hissatsu メガクェイク　　　　　　　　　　　　　　　　　　　 :  6    0    0    0    50   0    25   3    4    0    0    0    0    0    0    0    194  2    195  2    46   143  1    0   
Hissatsu ブレードアタック　　　　　　　　　　　　　　　　　 :  6    5    0    0    28   0    231  0    1    0    0    0    0    0    0    0    199  2    200  2    56   143  1    0   
Hissatsu うしろのしょうめん　　　　　　　　　　　　　　　　 :  6    30   0    0    30   0    248  0    4    0    0    0    0    0    0    0    203  2    204  2    66   143  1    0   
Hissatsu 　　　　　　　　　　　　　　　　　　　　　　　　　 :  0    0    0    0    0    0    0    0    0    0    0    0    0    0    0    0    207  2    208  2    0    0    0    0   
Hissatsu 　　　　　　　　　　　　　　　　　　　　　　　　　 :  0    0    0    0    0    0    0    0    0    0    0    0    0    0    0    0    209  2    210  2    0    0    0    0   
Hissatsu 　　　　　　　　　　　　　　　　　　　　　　　　　 :  0    0    0    0    0    0    0    0    0    0    0    0    0    0    0    0    211  2    212  2    0    0    0    0   
Hissatsu 　　　　　　　　　　　　　　　　　　　　　　　　　 :  0    0    0    0    0    0    0    0    0    0    0    0    0    0    0    0    213  2    214  2    0    0    0    0   
Hissatsu 　　　　　　　　　　　　　　　　　　　　　　　　　 :  0    0    0    0    0    0    15   0    0    0    0    0    0    0    0    0    215  2    216  2    0    0    0    0   
Hissatsu 　　　　　　　　　　　　　　　　　　　　　　　　　 :  0    0    0    0    0    0    0    0    0    0    0    0    0    0    0    0    217  2    218  2    0    0    0    0   
Hissatsu 　　　　　　　　　　　　　　　　　　　　　　　　　 :  0    0    0    0    0    0    0    0    0    0    0    0    0    0    0    0    219  2    220  2    0    0    0    0   
Hissatsu 　　　　　　　　　　　　　　　　　　　　　　　　　 :  0    0    0    0    0    0    0    0    0    0    0    0    0    0    0    0    221  2    222  2    0    0    0    0   
Hissatsu 　　　　　　　　　　　　　　　　　　　　　　　　　 :  20   0    0    0    0    0    0    0    0    0    0    0    0    0    0    0    223  2    224  2    0    0    0    0   
Hissatsu クリア　　　　　　　　　　　　　　　　　　　　　　 :  20   0    0    0    0    0    0    0    0    0    0    0    0    0    0    0    225  2    226  2    0    0    0    0   
Hissatsu 　　　　　　　　　　　　　　　　　　　　　　　　　 :  0    0    0    0    0    0    0    0    0    0    0    0    0    0    0    0    227  2    228  2    0    0    0    0   
Hissatsu 　　　　　　　　　　　　　　　　　　　　　　　　　 :  0    0    0    0    0    0    0    0    0    0    0    0    0    0    0    0    229  2    230  2    0    0    0    0   
Hissatsu 無人ゴールシュート　　　　　　　　　　　　　　　　 :  20   0    0    0    0    0    0    0    0    0    0    0    0    0    0    0    231  2    232  2    32   78   0    0   
Hissatsu ＰＫシュート　　　　　　　　　　　　　　　　　　　 :  20   0    0    0    0    0    0    0    0    0    0    0    0    0    0    0    233  2    234  2    0    0    0    0   
Hissatsu 　　　　　　　　　　　　　　　　　　　　　　　　　 :  0    0    0    0    0    0    0    0    0    0    0    0    0    0    0    0    235  2    236  2    0    0    0    0   
Hissatsu 　　　　　　　　　　　　　　　　　　　　　　　　　 :  0    0    0    0    0    0    0    0    0    0    0    0    0    0    0    0    237  2    238  2    0    0    0    0   
Hissatsu ＰＫキャッチ　　　　　　　　　　　　　　　　　　　 :  20   0    0    0    0    0    0    0    0    0    0    0    0    0    0    0    239  2    240  2    0    0    0    0   
Hissatsu ＰＫパンチング　　　　　　　　　　　　　　　　　　 :  20   0    0    0    0    0    0    0    0    0    0    0    0    0    1    0    241  2    242  2    0    0    0    0   
Hissatsu 　　　　　　　　　　　　　　　　　　　　　　　　　 :  0    0    0    0    0    0    0    0    0    0    0    0    0    0    0    0    243  2    244  2    0    0    0    0   
Hissatsu 　　　　　　　　　　　　　　　　　　　　　　　　　 :  0    0    0    0    0    0    0    0    0    0    0    0    0    0    0    0    245  2    246  2    0    0    0    0   
Hissatsu 　　　　　　　　　　　　　　　　　　　　　　　　　 :  0    0    0    0    0    0    0    0    0    0    0    0    0    0    0    0    247  2    248  2    0    0    0    0   
Hissatsu 　　　　　　　　　　　　　　　　　　　　　　　　　 :  0    0    0    0    0    0    0    0    0    0    0    0    0    0    0    0    249  2    250  2    0    0    0    0   
Hissatsu 　　　　　　　　　　　　　　　　　　　　　　　　　 :  0    0    0    0    0    0    0    0    0    0    0    0    0    0    0    0    251  2    252  2    0    0    0    0   
